(kicad_pcb (version 20171130) (host pcbnew 5.1.6-c6e7f7d~87~ubuntu20.04.1)

  (general
    (thickness 1.6)
    (drawings 9)
    (tracks 0)
    (zones 0)
    (modules 153)
    (nets 111)
  )

  (page A4)
  (layers
    (0 F.Cu signal)
    (31 B.Cu signal)
    (32 B.Adhes user)
    (33 F.Adhes user)
    (34 B.Paste user)
    (35 F.Paste user)
    (36 B.SilkS user)
    (37 F.SilkS user)
    (38 B.Mask user)
    (39 F.Mask user)
    (40 Dwgs.User user)
    (41 Cmts.User user)
    (42 Eco1.User user)
    (43 Eco2.User user)
    (44 Edge.Cuts user)
    (45 Margin user)
    (46 B.CrtYd user)
    (47 F.CrtYd user)
    (48 B.Fab user)
    (49 F.Fab user)
  )

  (setup
    (last_trace_width 0.25)
    (trace_clearance 0.2)
    (zone_clearance 0.508)
    (zone_45_only no)
    (trace_min 0.2)
    (via_size 0.8)
    (via_drill 0.4)
    (via_min_size 0.4)
    (via_min_drill 0.3)
    (uvia_size 0.3)
    (uvia_drill 0.1)
    (uvias_allowed no)
    (uvia_min_size 0.2)
    (uvia_min_drill 0.1)
    (edge_width 0.05)
    (segment_width 0.2)
    (pcb_text_width 0.3)
    (pcb_text_size 1.5 1.5)
    (mod_edge_width 0.12)
    (mod_text_size 1 1)
    (mod_text_width 0.15)
    (pad_size 1.524 1.524)
    (pad_drill 0.762)
    (pad_to_mask_clearance 0.05)
    (aux_axis_origin 0 0)
    (visible_elements FFFFFF7F)
    (pcbplotparams
      (layerselection 0x010fc_ffffffff)
      (usegerberextensions false)
      (usegerberattributes true)
      (usegerberadvancedattributes true)
      (creategerberjobfile true)
      (excludeedgelayer true)
      (linewidth 0.100000)
      (plotframeref false)
      (viasonmask false)
      (mode 1)
      (useauxorigin false)
      (hpglpennumber 1)
      (hpglpenspeed 20)
      (hpglpendiameter 15.000000)
      (psnegative false)
      (psa4output false)
      (plotreference true)
      (plotvalue true)
      (plotinvisibletext false)
      (padsonsilk false)
      (subtractmaskfromsilk false)
      (outputformat 1)
      (mirror false)
      (drillshape 1)
      (scaleselection 1)
      (outputdirectory ""))
  )

  (net 0 "")
  (net 1 RST)
  (net 2 GND)
  (net 3 +5V)
  (net 4 "Net-(D1-Pad2)")
  (net 5 Col1)
  (net 6 "Net-(D2-Pad2)")
  (net 7 "Net-(D3-Pad2)")
  (net 8 "Net-(D4-Pad2)")
  (net 9 "Net-(J1-Pad6)")
  (net 10 "Net-(J1-Pad2)")
  (net 11 "Net-(J1-Pad4)")
  (net 12 "Net-(J1-Pad5)")
  (net 13 "Net-(J1-Pad3)")
  (net 14 "Net-(R3-Pad1)")
  (net 15 "Net-(R4-Pad1)")
  (net 16 "Net-(R5-Pad2)")
  (net 17 "Net-(U1-Pad42)")
  (net 18 "Net-(U1-Pad41)")
  (net 19 "Net-(U1-Pad40)")
  (net 20 "Net-(U1-Pad39)")
  (net 21 "Net-(U1-Pad38)")
  (net 22 "Net-(U1-Pad37)")
  (net 23 "Net-(U1-Pad36)")
  (net 24 "Net-(U1-Pad1)")
  (net 25 "Net-(C6-Pad1)")
  (net 26 "Net-(C7-Pad1)")
  (net 27 "Net-(C8-Pad1)")
  (net 28 Row1)
  (net 29 "Net-(D5-Pad2)")
  (net 30 "Net-(D6-Pad2)")
  (net 31 "Net-(D7-Pad2)")
  (net 32 "Net-(D8-Pad2)")
  (net 33 "Net-(D9-Pad2)")
  (net 34 "Net-(D10-Pad2)")
  (net 35 "Net-(D11-Pad2)")
  (net 36 "Net-(D12-Pad2)")
  (net 37 "Net-(D13-Pad2)")
  (net 38 "Net-(D14-Pad2)")
  (net 39 "Net-(D15-Pad2)")
  (net 40 "Net-(D16-Pad2)")
  (net 41 Row2)
  (net 42 "Net-(D17-Pad2)")
  (net 43 "Net-(D18-Pad2)")
  (net 44 "Net-(D19-Pad2)")
  (net 45 "Net-(D20-Pad2)")
  (net 46 "Net-(D21-Pad2)")
  (net 47 "Net-(D22-Pad2)")
  (net 48 "Net-(D23-Pad2)")
  (net 49 "Net-(D24-Pad2)")
  (net 50 "Net-(D25-Pad2)")
  (net 51 "Net-(D26-Pad2)")
  (net 52 "Net-(D27-Pad2)")
  (net 53 "Net-(D28-Pad2)")
  (net 54 "Net-(D29-Pad2)")
  (net 55 "Net-(D30-Pad2)")
  (net 56 "Net-(D31-Pad2)")
  (net 57 Col15)
  (net 58 "Net-(D32-Pad2)")
  (net 59 "Net-(D33-Pad2)")
  (net 60 "Net-(D34-Pad2)")
  (net 61 "Net-(D35-Pad2)")
  (net 62 "Net-(D36-Pad2)")
  (net 63 "Net-(D37-Pad2)")
  (net 64 "Net-(D38-Pad2)")
  (net 65 "Net-(D39-Pad2)")
  (net 66 "Net-(D40-Pad2)")
  (net 67 "Net-(D41-Pad2)")
  (net 68 "Net-(D42-Pad2)")
  (net 69 "Net-(D43-Pad2)")
  (net 70 "Net-(D44-Pad2)")
  (net 71 "Net-(D45-Pad2)")
  (net 72 Row4)
  (net 73 "Net-(D46-Pad2)")
  (net 74 "Net-(D47-Pad2)")
  (net 75 "Net-(D48-Pad2)")
  (net 76 "Net-(D49-Pad2)")
  (net 77 "Net-(D50-Pad2)")
  (net 78 "Net-(D51-Pad2)")
  (net 79 "Net-(D52-Pad2)")
  (net 80 "Net-(D53-Pad2)")
  (net 81 "Net-(D54-Pad2)")
  (net 82 "Net-(D55-Pad2)")
  (net 83 "Net-(D56-Pad2)")
  (net 84 "Net-(D57-Pad2)")
  (net 85 "Net-(D58-Pad2)")
  (net 86 "Net-(D59-Pad2)")
  (net 87 Row5)
  (net 88 "Net-(D60-Pad2)")
  (net 89 "Net-(D61-Pad2)")
  (net 90 "Net-(D62-Pad2)")
  (net 91 "Net-(D63-Pad2)")
  (net 92 "Net-(D64-Pad2)")
  (net 93 "Net-(D65-Pad2)")
  (net 94 "Net-(D66-Pad2)")
  (net 95 "Net-(D67-Pad2)")
  (net 96 "Net-(D68-Pad2)")
  (net 97 Col2)
  (net 98 Col3)
  (net 99 Col4)
  (net 100 Col5)
  (net 101 Col6)
  (net 102 Col7)
  (net 103 Col8)
  (net 104 Col9)
  (net 105 Col10)
  (net 106 Col11)
  (net 107 Col12)
  (net 108 Col13)
  (net 109 Col14)
  (net 110 "Net-(R2-Pad2)")

  (net_class Default "This is the default net class."
    (clearance 0.2)
    (trace_width 0.25)
    (via_dia 0.8)
    (via_drill 0.4)
    (uvia_dia 0.3)
    (uvia_drill 0.1)
    (add_net +5V)
    (add_net Col1)
    (add_net Col10)
    (add_net Col11)
    (add_net Col12)
    (add_net Col13)
    (add_net Col14)
    (add_net Col15)
    (add_net Col2)
    (add_net Col3)
    (add_net Col4)
    (add_net Col5)
    (add_net Col6)
    (add_net Col7)
    (add_net Col8)
    (add_net Col9)
    (add_net GND)
    (add_net "Net-(C6-Pad1)")
    (add_net "Net-(C7-Pad1)")
    (add_net "Net-(C8-Pad1)")
    (add_net "Net-(D1-Pad2)")
    (add_net "Net-(D10-Pad2)")
    (add_net "Net-(D11-Pad2)")
    (add_net "Net-(D12-Pad2)")
    (add_net "Net-(D13-Pad2)")
    (add_net "Net-(D14-Pad2)")
    (add_net "Net-(D15-Pad2)")
    (add_net "Net-(D16-Pad2)")
    (add_net "Net-(D17-Pad2)")
    (add_net "Net-(D18-Pad2)")
    (add_net "Net-(D19-Pad2)")
    (add_net "Net-(D2-Pad2)")
    (add_net "Net-(D20-Pad2)")
    (add_net "Net-(D21-Pad2)")
    (add_net "Net-(D22-Pad2)")
    (add_net "Net-(D23-Pad2)")
    (add_net "Net-(D24-Pad2)")
    (add_net "Net-(D25-Pad2)")
    (add_net "Net-(D26-Pad2)")
    (add_net "Net-(D27-Pad2)")
    (add_net "Net-(D28-Pad2)")
    (add_net "Net-(D29-Pad2)")
    (add_net "Net-(D3-Pad2)")
    (add_net "Net-(D30-Pad2)")
    (add_net "Net-(D31-Pad2)")
    (add_net "Net-(D32-Pad2)")
    (add_net "Net-(D33-Pad2)")
    (add_net "Net-(D34-Pad2)")
    (add_net "Net-(D35-Pad2)")
    (add_net "Net-(D36-Pad2)")
    (add_net "Net-(D37-Pad2)")
    (add_net "Net-(D38-Pad2)")
    (add_net "Net-(D39-Pad2)")
    (add_net "Net-(D4-Pad2)")
    (add_net "Net-(D40-Pad2)")
    (add_net "Net-(D41-Pad2)")
    (add_net "Net-(D42-Pad2)")
    (add_net "Net-(D43-Pad2)")
    (add_net "Net-(D44-Pad2)")
    (add_net "Net-(D45-Pad2)")
    (add_net "Net-(D46-Pad2)")
    (add_net "Net-(D47-Pad2)")
    (add_net "Net-(D48-Pad2)")
    (add_net "Net-(D49-Pad2)")
    (add_net "Net-(D5-Pad2)")
    (add_net "Net-(D50-Pad2)")
    (add_net "Net-(D51-Pad2)")
    (add_net "Net-(D52-Pad2)")
    (add_net "Net-(D53-Pad2)")
    (add_net "Net-(D54-Pad2)")
    (add_net "Net-(D55-Pad2)")
    (add_net "Net-(D56-Pad2)")
    (add_net "Net-(D57-Pad2)")
    (add_net "Net-(D58-Pad2)")
    (add_net "Net-(D59-Pad2)")
    (add_net "Net-(D6-Pad2)")
    (add_net "Net-(D60-Pad2)")
    (add_net "Net-(D61-Pad2)")
    (add_net "Net-(D62-Pad2)")
    (add_net "Net-(D63-Pad2)")
    (add_net "Net-(D64-Pad2)")
    (add_net "Net-(D65-Pad2)")
    (add_net "Net-(D66-Pad2)")
    (add_net "Net-(D67-Pad2)")
    (add_net "Net-(D68-Pad2)")
    (add_net "Net-(D7-Pad2)")
    (add_net "Net-(D8-Pad2)")
    (add_net "Net-(D9-Pad2)")
    (add_net "Net-(J1-Pad2)")
    (add_net "Net-(J1-Pad3)")
    (add_net "Net-(J1-Pad4)")
    (add_net "Net-(J1-Pad5)")
    (add_net "Net-(J1-Pad6)")
    (add_net "Net-(R2-Pad2)")
    (add_net "Net-(R3-Pad1)")
    (add_net "Net-(R4-Pad1)")
    (add_net "Net-(R5-Pad2)")
    (add_net "Net-(U1-Pad1)")
    (add_net "Net-(U1-Pad36)")
    (add_net "Net-(U1-Pad37)")
    (add_net "Net-(U1-Pad38)")
    (add_net "Net-(U1-Pad39)")
    (add_net "Net-(U1-Pad40)")
    (add_net "Net-(U1-Pad41)")
    (add_net "Net-(U1-Pad42)")
    (add_net RST)
    (add_net Row1)
    (add_net Row2)
    (add_net Row4)
    (add_net Row5)
  )

  (module acheron_Components:D_THT_7.62mm_SOD-123 (layer B.Cu) (tedit 5D376EF8) (tstamp 5F0B12D1)
    (at -123.825 -266.7 180)
    (descr "Diode, DO-35_SOD27 series, Axial, Horizontal, pin pitch=7.62mm, , length*diameter=4*2mm^2, , http://www.diodes.com/_files/packages/DO-35.pdf")
    (tags "Diode DO-35_SOD27 series Axial Horizontal pin pitch 7.62mm  length 4mm diameter 2mm")
    (path /5FE5211D)
    (fp_text reference D68 (at 0 1.8) (layer B.SilkS)
      (effects (font (size 0.508 0.508) (thickness 0.0762)) (justify mirror))
    )
    (fp_text value 1N4148W (at 0 -2.12) (layer B.Fab)
      (effects (font (size 1 1) (thickness 0.15)) (justify mirror))
    )
    (fp_arc (start -4.445 0.635) (end -4.445 0.889) (angle 90) (layer B.Fab) (width 0.127))
    (fp_arc (start -4.445 -0.635) (end -4.699 -0.635) (angle 90) (layer B.Fab) (width 0.127))
    (fp_arc (start -3.175 -0.635) (end -3.175 -0.889) (angle 90) (layer B.Fab) (width 0.127))
    (fp_arc (start -3.175 0.635) (end -2.921 0.635) (angle 90) (layer B.Fab) (width 0.127))
    (fp_text user A (at 5.5 0) (layer B.Fab)
      (effects (font (size 1 1) (thickness 0.15)) (justify mirror))
    )
    (fp_text user K (at -5.5 0) (layer B.Fab)
      (effects (font (size 1 1) (thickness 0.15)) (justify mirror))
    )
    (fp_arc (start -4.445 -0.635) (end -4.699 -0.635) (angle 90) (layer B.SilkS) (width 0.127))
    (fp_arc (start -3.175 -0.635) (end -3.175 -0.889) (angle 90) (layer B.SilkS) (width 0.127))
    (fp_arc (start -3.175 0.635) (end -2.921 0.635) (angle 90) (layer B.SilkS) (width 0.127))
    (fp_arc (start -4.445 0.635) (end -4.445 0.889) (angle 90) (layer B.SilkS) (width 0.127))
    (fp_line (start -2 1) (end -2 -1) (layer B.Fab) (width 0.1))
    (fp_line (start -2 -1) (end 2 -1) (layer B.Fab) (width 0.1))
    (fp_line (start 2 -1) (end 2 1) (layer B.Fab) (width 0.1))
    (fp_line (start 2 1) (end -2 1) (layer B.Fab) (width 0.1))
    (fp_line (start -2.921 0) (end -2 0) (layer B.Fab) (width 0.1))
    (fp_line (start 2.8575 0) (end 2 0) (layer B.Fab) (width 0.1))
    (fp_line (start -1.4 1) (end -1.4 -1) (layer B.Fab) (width 0.1))
    (fp_line (start -1.3 1) (end -1.3 -1) (layer B.Fab) (width 0.1))
    (fp_line (start -1.5 1) (end -1.5 -1) (layer B.Fab) (width 0.1))
    (fp_line (start -2.8575 -1.1) (end 2.4 -1.1) (layer B.SilkS) (width 0.12))
    (fp_line (start 2.4 1.12) (end -2.8575 1.12) (layer B.SilkS) (width 0.12))
    (fp_line (start -2.921 0) (end -2.4 0) (layer B.SilkS) (width 0.12))
    (fp_line (start 2.8702 0) (end 2.4 0) (layer B.SilkS) (width 0.12))
    (fp_line (start -4.86 1.25) (end -4.86 -1.25) (layer B.CrtYd) (width 0.05))
    (fp_line (start -4.86 -1.25) (end 4.86 -1.25) (layer B.CrtYd) (width 0.05))
    (fp_line (start 4.86 -1.25) (end 4.86 1.25) (layer B.CrtYd) (width 0.05))
    (fp_line (start 4.86 1.25) (end -4.86 1.25) (layer B.CrtYd) (width 0.05))
    (fp_line (start -4.445 0.889) (end -3.175 0.889) (layer B.SilkS) (width 0.127))
    (fp_line (start -2.921 0.635) (end -2.921 -0.635) (layer B.SilkS) (width 0.127))
    (fp_line (start -3.175 -0.889) (end -4.445 -0.889) (layer B.SilkS) (width 0.127))
    (fp_line (start -4.699 -0.635) (end -4.699 0.635) (layer B.SilkS) (width 0.127))
    (fp_circle (center 3.81 0) (end 4.699 -0.254) (layer B.SilkS) (width 0.127))
    (fp_line (start 2.4 1.12) (end 2.4 -1.1) (layer B.SilkS) (width 0.12))
    (fp_line (start -2.3 1.12) (end -2.3 -1.1) (layer B.SilkS) (width 0.12))
    (fp_line (start -2.4 1.12) (end -2.4 -1.1) (layer B.SilkS) (width 0.12))
    (fp_line (start -2.5 1.12) (end -2.5 -1.1) (layer B.SilkS) (width 0.12))
    (fp_line (start -2.6 1.12) (end -2.6 -1.1) (layer B.SilkS) (width 0.12))
    (fp_poly (pts (xy -0.7 0) (xy 0.6 0.7) (xy 0.6 -0.6)) (layer B.SilkS) (width 0.1))
    (fp_line (start -2.794 1.12) (end -2.794 -1.1) (layer B.SilkS) (width 0.12))
    (fp_line (start -2.7305 1.12) (end -2.7305 -1.1) (layer B.SilkS) (width 0.12))
    (fp_line (start -2.667 1.12) (end -2.667 -1.1) (layer B.SilkS) (width 0.12))
    (fp_line (start -2.8575 1.12) (end -2.8575 -1.1) (layer B.SilkS) (width 0.12))
    (fp_line (start -4.445 0.889) (end -3.175 0.889) (layer B.Fab) (width 0.127))
    (fp_line (start -2.921 0.635) (end -2.921 -0.635) (layer B.Fab) (width 0.127))
    (fp_line (start -3.175 -0.889) (end -4.445 -0.889) (layer B.Fab) (width 0.127))
    (fp_line (start -4.699 -0.635) (end -4.699 0.635) (layer B.Fab) (width 0.127))
    (fp_poly (pts (xy -0.7 0) (xy 0.6 0.7) (xy 0.6 -0.6)) (layer B.Fab) (width 0.1))
    (fp_circle (center 3.81 0) (end 4.734574 0) (layer B.Fab) (width 0.127))
    (pad 2 smd roundrect (at 1.65 0 180) (size 1 1.2) (layers B.Cu B.Paste B.Mask) (roundrect_rratio 0.25)
      (net 96 "Net-(D68-Pad2)"))
    (pad 1 smd roundrect (at -1.65 0 180) (size 1 1.2) (layers B.Cu B.Paste B.Mask) (roundrect_rratio 0.25)
      (net 87 Row5))
    (pad 2 thru_hole oval (at 3.81 0 180) (size 1.6 1.6) (drill 0.8) (layers *.Cu *.Mask)
      (net 96 "Net-(D68-Pad2)"))
    (pad 1 thru_hole roundrect (at -3.81 0 180) (size 1.6 1.6) (drill 0.8) (layers *.Cu *.Mask) (roundrect_rratio 0.1)
      (net 87 Row5))
    (model ${KISYS3DMOD}/Diode_THT.3dshapes/D_DO-35_SOD27_P7.62mm_Horizontal.wrl
      (offset (xyz -3.809999942779541 0 0))
      (scale (xyz 1 1 1))
      (rotate (xyz 0 0 0))
    )
  )

  (module acheron_Components:D_THT_7.62mm_SOD-123 (layer B.Cu) (tedit 5D376EF8) (tstamp 5F0B12B8)
    (at -142.875 -266.7 180)
    (descr "Diode, DO-35_SOD27 series, Axial, Horizontal, pin pitch=7.62mm, , length*diameter=4*2mm^2, , http://www.diodes.com/_files/packages/DO-35.pdf")
    (tags "Diode DO-35_SOD27 series Axial Horizontal pin pitch 7.62mm  length 4mm diameter 2mm")
    (path /5FB03508)
    (fp_text reference D67 (at 0 1.8) (layer B.SilkS)
      (effects (font (size 0.508 0.508) (thickness 0.0762)) (justify mirror))
    )
    (fp_text value 1N4148W (at 0 -2.12) (layer B.Fab)
      (effects (font (size 1 1) (thickness 0.15)) (justify mirror))
    )
    (fp_arc (start -4.445 0.635) (end -4.445 0.889) (angle 90) (layer B.Fab) (width 0.127))
    (fp_arc (start -4.445 -0.635) (end -4.699 -0.635) (angle 90) (layer B.Fab) (width 0.127))
    (fp_arc (start -3.175 -0.635) (end -3.175 -0.889) (angle 90) (layer B.Fab) (width 0.127))
    (fp_arc (start -3.175 0.635) (end -2.921 0.635) (angle 90) (layer B.Fab) (width 0.127))
    (fp_text user A (at 5.5 0) (layer B.Fab)
      (effects (font (size 1 1) (thickness 0.15)) (justify mirror))
    )
    (fp_text user K (at -5.5 0) (layer B.Fab)
      (effects (font (size 1 1) (thickness 0.15)) (justify mirror))
    )
    (fp_arc (start -4.445 -0.635) (end -4.699 -0.635) (angle 90) (layer B.SilkS) (width 0.127))
    (fp_arc (start -3.175 -0.635) (end -3.175 -0.889) (angle 90) (layer B.SilkS) (width 0.127))
    (fp_arc (start -3.175 0.635) (end -2.921 0.635) (angle 90) (layer B.SilkS) (width 0.127))
    (fp_arc (start -4.445 0.635) (end -4.445 0.889) (angle 90) (layer B.SilkS) (width 0.127))
    (fp_line (start -2 1) (end -2 -1) (layer B.Fab) (width 0.1))
    (fp_line (start -2 -1) (end 2 -1) (layer B.Fab) (width 0.1))
    (fp_line (start 2 -1) (end 2 1) (layer B.Fab) (width 0.1))
    (fp_line (start 2 1) (end -2 1) (layer B.Fab) (width 0.1))
    (fp_line (start -2.921 0) (end -2 0) (layer B.Fab) (width 0.1))
    (fp_line (start 2.8575 0) (end 2 0) (layer B.Fab) (width 0.1))
    (fp_line (start -1.4 1) (end -1.4 -1) (layer B.Fab) (width 0.1))
    (fp_line (start -1.3 1) (end -1.3 -1) (layer B.Fab) (width 0.1))
    (fp_line (start -1.5 1) (end -1.5 -1) (layer B.Fab) (width 0.1))
    (fp_line (start -2.8575 -1.1) (end 2.4 -1.1) (layer B.SilkS) (width 0.12))
    (fp_line (start 2.4 1.12) (end -2.8575 1.12) (layer B.SilkS) (width 0.12))
    (fp_line (start -2.921 0) (end -2.4 0) (layer B.SilkS) (width 0.12))
    (fp_line (start 2.8702 0) (end 2.4 0) (layer B.SilkS) (width 0.12))
    (fp_line (start -4.86 1.25) (end -4.86 -1.25) (layer B.CrtYd) (width 0.05))
    (fp_line (start -4.86 -1.25) (end 4.86 -1.25) (layer B.CrtYd) (width 0.05))
    (fp_line (start 4.86 -1.25) (end 4.86 1.25) (layer B.CrtYd) (width 0.05))
    (fp_line (start 4.86 1.25) (end -4.86 1.25) (layer B.CrtYd) (width 0.05))
    (fp_line (start -4.445 0.889) (end -3.175 0.889) (layer B.SilkS) (width 0.127))
    (fp_line (start -2.921 0.635) (end -2.921 -0.635) (layer B.SilkS) (width 0.127))
    (fp_line (start -3.175 -0.889) (end -4.445 -0.889) (layer B.SilkS) (width 0.127))
    (fp_line (start -4.699 -0.635) (end -4.699 0.635) (layer B.SilkS) (width 0.127))
    (fp_circle (center 3.81 0) (end 4.699 -0.254) (layer B.SilkS) (width 0.127))
    (fp_line (start 2.4 1.12) (end 2.4 -1.1) (layer B.SilkS) (width 0.12))
    (fp_line (start -2.3 1.12) (end -2.3 -1.1) (layer B.SilkS) (width 0.12))
    (fp_line (start -2.4 1.12) (end -2.4 -1.1) (layer B.SilkS) (width 0.12))
    (fp_line (start -2.5 1.12) (end -2.5 -1.1) (layer B.SilkS) (width 0.12))
    (fp_line (start -2.6 1.12) (end -2.6 -1.1) (layer B.SilkS) (width 0.12))
    (fp_poly (pts (xy -0.7 0) (xy 0.6 0.7) (xy 0.6 -0.6)) (layer B.SilkS) (width 0.1))
    (fp_line (start -2.794 1.12) (end -2.794 -1.1) (layer B.SilkS) (width 0.12))
    (fp_line (start -2.7305 1.12) (end -2.7305 -1.1) (layer B.SilkS) (width 0.12))
    (fp_line (start -2.667 1.12) (end -2.667 -1.1) (layer B.SilkS) (width 0.12))
    (fp_line (start -2.8575 1.12) (end -2.8575 -1.1) (layer B.SilkS) (width 0.12))
    (fp_line (start -4.445 0.889) (end -3.175 0.889) (layer B.Fab) (width 0.127))
    (fp_line (start -2.921 0.635) (end -2.921 -0.635) (layer B.Fab) (width 0.127))
    (fp_line (start -3.175 -0.889) (end -4.445 -0.889) (layer B.Fab) (width 0.127))
    (fp_line (start -4.699 -0.635) (end -4.699 0.635) (layer B.Fab) (width 0.127))
    (fp_poly (pts (xy -0.7 0) (xy 0.6 0.7) (xy 0.6 -0.6)) (layer B.Fab) (width 0.1))
    (fp_circle (center 3.81 0) (end 4.734574 0) (layer B.Fab) (width 0.127))
    (pad 2 smd roundrect (at 1.65 0 180) (size 1 1.2) (layers B.Cu B.Paste B.Mask) (roundrect_rratio 0.25)
      (net 95 "Net-(D67-Pad2)"))
    (pad 1 smd roundrect (at -1.65 0 180) (size 1 1.2) (layers B.Cu B.Paste B.Mask) (roundrect_rratio 0.25)
      (net 87 Row5))
    (pad 2 thru_hole oval (at 3.81 0 180) (size 1.6 1.6) (drill 0.8) (layers *.Cu *.Mask)
      (net 95 "Net-(D67-Pad2)"))
    (pad 1 thru_hole roundrect (at -3.81 0 180) (size 1.6 1.6) (drill 0.8) (layers *.Cu *.Mask) (roundrect_rratio 0.1)
      (net 87 Row5))
    (model ${KISYS3DMOD}/Diode_THT.3dshapes/D_DO-35_SOD27_P7.62mm_Horizontal.wrl
      (offset (xyz -3.809999942779541 0 0))
      (scale (xyz 1 1 1))
      (rotate (xyz 0 0 0))
    )
  )

  (module acheron_Components:D_THT_7.62mm_SOD-123 (layer B.Cu) (tedit 5D376EF8) (tstamp 5F0B129F)
    (at -161.925 -266.7 180)
    (descr "Diode, DO-35_SOD27 series, Axial, Horizontal, pin pitch=7.62mm, , length*diameter=4*2mm^2, , http://www.diodes.com/_files/packages/DO-35.pdf")
    (tags "Diode DO-35_SOD27 series Axial Horizontal pin pitch 7.62mm  length 4mm diameter 2mm")
    (path /600A9984)
    (fp_text reference D66 (at 0 1.8) (layer B.SilkS)
      (effects (font (size 0.508 0.508) (thickness 0.0762)) (justify mirror))
    )
    (fp_text value 1N4148W (at 0 -2.12) (layer B.Fab)
      (effects (font (size 1 1) (thickness 0.15)) (justify mirror))
    )
    (fp_arc (start -4.445 0.635) (end -4.445 0.889) (angle 90) (layer B.Fab) (width 0.127))
    (fp_arc (start -4.445 -0.635) (end -4.699 -0.635) (angle 90) (layer B.Fab) (width 0.127))
    (fp_arc (start -3.175 -0.635) (end -3.175 -0.889) (angle 90) (layer B.Fab) (width 0.127))
    (fp_arc (start -3.175 0.635) (end -2.921 0.635) (angle 90) (layer B.Fab) (width 0.127))
    (fp_text user A (at 5.5 0) (layer B.Fab)
      (effects (font (size 1 1) (thickness 0.15)) (justify mirror))
    )
    (fp_text user K (at -5.5 0) (layer B.Fab)
      (effects (font (size 1 1) (thickness 0.15)) (justify mirror))
    )
    (fp_arc (start -4.445 -0.635) (end -4.699 -0.635) (angle 90) (layer B.SilkS) (width 0.127))
    (fp_arc (start -3.175 -0.635) (end -3.175 -0.889) (angle 90) (layer B.SilkS) (width 0.127))
    (fp_arc (start -3.175 0.635) (end -2.921 0.635) (angle 90) (layer B.SilkS) (width 0.127))
    (fp_arc (start -4.445 0.635) (end -4.445 0.889) (angle 90) (layer B.SilkS) (width 0.127))
    (fp_line (start -2 1) (end -2 -1) (layer B.Fab) (width 0.1))
    (fp_line (start -2 -1) (end 2 -1) (layer B.Fab) (width 0.1))
    (fp_line (start 2 -1) (end 2 1) (layer B.Fab) (width 0.1))
    (fp_line (start 2 1) (end -2 1) (layer B.Fab) (width 0.1))
    (fp_line (start -2.921 0) (end -2 0) (layer B.Fab) (width 0.1))
    (fp_line (start 2.8575 0) (end 2 0) (layer B.Fab) (width 0.1))
    (fp_line (start -1.4 1) (end -1.4 -1) (layer B.Fab) (width 0.1))
    (fp_line (start -1.3 1) (end -1.3 -1) (layer B.Fab) (width 0.1))
    (fp_line (start -1.5 1) (end -1.5 -1) (layer B.Fab) (width 0.1))
    (fp_line (start -2.8575 -1.1) (end 2.4 -1.1) (layer B.SilkS) (width 0.12))
    (fp_line (start 2.4 1.12) (end -2.8575 1.12) (layer B.SilkS) (width 0.12))
    (fp_line (start -2.921 0) (end -2.4 0) (layer B.SilkS) (width 0.12))
    (fp_line (start 2.8702 0) (end 2.4 0) (layer B.SilkS) (width 0.12))
    (fp_line (start -4.86 1.25) (end -4.86 -1.25) (layer B.CrtYd) (width 0.05))
    (fp_line (start -4.86 -1.25) (end 4.86 -1.25) (layer B.CrtYd) (width 0.05))
    (fp_line (start 4.86 -1.25) (end 4.86 1.25) (layer B.CrtYd) (width 0.05))
    (fp_line (start 4.86 1.25) (end -4.86 1.25) (layer B.CrtYd) (width 0.05))
    (fp_line (start -4.445 0.889) (end -3.175 0.889) (layer B.SilkS) (width 0.127))
    (fp_line (start -2.921 0.635) (end -2.921 -0.635) (layer B.SilkS) (width 0.127))
    (fp_line (start -3.175 -0.889) (end -4.445 -0.889) (layer B.SilkS) (width 0.127))
    (fp_line (start -4.699 -0.635) (end -4.699 0.635) (layer B.SilkS) (width 0.127))
    (fp_circle (center 3.81 0) (end 4.699 -0.254) (layer B.SilkS) (width 0.127))
    (fp_line (start 2.4 1.12) (end 2.4 -1.1) (layer B.SilkS) (width 0.12))
    (fp_line (start -2.3 1.12) (end -2.3 -1.1) (layer B.SilkS) (width 0.12))
    (fp_line (start -2.4 1.12) (end -2.4 -1.1) (layer B.SilkS) (width 0.12))
    (fp_line (start -2.5 1.12) (end -2.5 -1.1) (layer B.SilkS) (width 0.12))
    (fp_line (start -2.6 1.12) (end -2.6 -1.1) (layer B.SilkS) (width 0.12))
    (fp_poly (pts (xy -0.7 0) (xy 0.6 0.7) (xy 0.6 -0.6)) (layer B.SilkS) (width 0.1))
    (fp_line (start -2.794 1.12) (end -2.794 -1.1) (layer B.SilkS) (width 0.12))
    (fp_line (start -2.7305 1.12) (end -2.7305 -1.1) (layer B.SilkS) (width 0.12))
    (fp_line (start -2.667 1.12) (end -2.667 -1.1) (layer B.SilkS) (width 0.12))
    (fp_line (start -2.8575 1.12) (end -2.8575 -1.1) (layer B.SilkS) (width 0.12))
    (fp_line (start -4.445 0.889) (end -3.175 0.889) (layer B.Fab) (width 0.127))
    (fp_line (start -2.921 0.635) (end -2.921 -0.635) (layer B.Fab) (width 0.127))
    (fp_line (start -3.175 -0.889) (end -4.445 -0.889) (layer B.Fab) (width 0.127))
    (fp_line (start -4.699 -0.635) (end -4.699 0.635) (layer B.Fab) (width 0.127))
    (fp_poly (pts (xy -0.7 0) (xy 0.6 0.7) (xy 0.6 -0.6)) (layer B.Fab) (width 0.1))
    (fp_circle (center 3.81 0) (end 4.734574 0) (layer B.Fab) (width 0.127))
    (pad 2 smd roundrect (at 1.65 0 180) (size 1 1.2) (layers B.Cu B.Paste B.Mask) (roundrect_rratio 0.25)
      (net 94 "Net-(D66-Pad2)"))
    (pad 1 smd roundrect (at -1.65 0 180) (size 1 1.2) (layers B.Cu B.Paste B.Mask) (roundrect_rratio 0.25)
      (net 87 Row5))
    (pad 2 thru_hole oval (at 3.81 0 180) (size 1.6 1.6) (drill 0.8) (layers *.Cu *.Mask)
      (net 94 "Net-(D66-Pad2)"))
    (pad 1 thru_hole roundrect (at -3.81 0 180) (size 1.6 1.6) (drill 0.8) (layers *.Cu *.Mask) (roundrect_rratio 0.1)
      (net 87 Row5))
    (model ${KISYS3DMOD}/Diode_THT.3dshapes/D_DO-35_SOD27_P7.62mm_Horizontal.wrl
      (offset (xyz -3.809999942779541 0 0))
      (scale (xyz 1 1 1))
      (rotate (xyz 0 0 0))
    )
  )

  (module acheron_Components:D_THT_7.62mm_SOD-123 (layer B.Cu) (tedit 5D376EF8) (tstamp 5F0B1286)
    (at -180.975 -266.7 180)
    (descr "Diode, DO-35_SOD27 series, Axial, Horizontal, pin pitch=7.62mm, , length*diameter=4*2mm^2, , http://www.diodes.com/_files/packages/DO-35.pdf")
    (tags "Diode DO-35_SOD27 series Axial Horizontal pin pitch 7.62mm  length 4mm diameter 2mm")
    (path /5FAE8B19)
    (fp_text reference D65 (at 0 1.8) (layer B.SilkS)
      (effects (font (size 0.508 0.508) (thickness 0.0762)) (justify mirror))
    )
    (fp_text value 1N4148W (at 0 -2.12) (layer B.Fab)
      (effects (font (size 1 1) (thickness 0.15)) (justify mirror))
    )
    (fp_arc (start -4.445 0.635) (end -4.445 0.889) (angle 90) (layer B.Fab) (width 0.127))
    (fp_arc (start -4.445 -0.635) (end -4.699 -0.635) (angle 90) (layer B.Fab) (width 0.127))
    (fp_arc (start -3.175 -0.635) (end -3.175 -0.889) (angle 90) (layer B.Fab) (width 0.127))
    (fp_arc (start -3.175 0.635) (end -2.921 0.635) (angle 90) (layer B.Fab) (width 0.127))
    (fp_text user A (at 5.5 0) (layer B.Fab)
      (effects (font (size 1 1) (thickness 0.15)) (justify mirror))
    )
    (fp_text user K (at -5.5 0) (layer B.Fab)
      (effects (font (size 1 1) (thickness 0.15)) (justify mirror))
    )
    (fp_arc (start -4.445 -0.635) (end -4.699 -0.635) (angle 90) (layer B.SilkS) (width 0.127))
    (fp_arc (start -3.175 -0.635) (end -3.175 -0.889) (angle 90) (layer B.SilkS) (width 0.127))
    (fp_arc (start -3.175 0.635) (end -2.921 0.635) (angle 90) (layer B.SilkS) (width 0.127))
    (fp_arc (start -4.445 0.635) (end -4.445 0.889) (angle 90) (layer B.SilkS) (width 0.127))
    (fp_line (start -2 1) (end -2 -1) (layer B.Fab) (width 0.1))
    (fp_line (start -2 -1) (end 2 -1) (layer B.Fab) (width 0.1))
    (fp_line (start 2 -1) (end 2 1) (layer B.Fab) (width 0.1))
    (fp_line (start 2 1) (end -2 1) (layer B.Fab) (width 0.1))
    (fp_line (start -2.921 0) (end -2 0) (layer B.Fab) (width 0.1))
    (fp_line (start 2.8575 0) (end 2 0) (layer B.Fab) (width 0.1))
    (fp_line (start -1.4 1) (end -1.4 -1) (layer B.Fab) (width 0.1))
    (fp_line (start -1.3 1) (end -1.3 -1) (layer B.Fab) (width 0.1))
    (fp_line (start -1.5 1) (end -1.5 -1) (layer B.Fab) (width 0.1))
    (fp_line (start -2.8575 -1.1) (end 2.4 -1.1) (layer B.SilkS) (width 0.12))
    (fp_line (start 2.4 1.12) (end -2.8575 1.12) (layer B.SilkS) (width 0.12))
    (fp_line (start -2.921 0) (end -2.4 0) (layer B.SilkS) (width 0.12))
    (fp_line (start 2.8702 0) (end 2.4 0) (layer B.SilkS) (width 0.12))
    (fp_line (start -4.86 1.25) (end -4.86 -1.25) (layer B.CrtYd) (width 0.05))
    (fp_line (start -4.86 -1.25) (end 4.86 -1.25) (layer B.CrtYd) (width 0.05))
    (fp_line (start 4.86 -1.25) (end 4.86 1.25) (layer B.CrtYd) (width 0.05))
    (fp_line (start 4.86 1.25) (end -4.86 1.25) (layer B.CrtYd) (width 0.05))
    (fp_line (start -4.445 0.889) (end -3.175 0.889) (layer B.SilkS) (width 0.127))
    (fp_line (start -2.921 0.635) (end -2.921 -0.635) (layer B.SilkS) (width 0.127))
    (fp_line (start -3.175 -0.889) (end -4.445 -0.889) (layer B.SilkS) (width 0.127))
    (fp_line (start -4.699 -0.635) (end -4.699 0.635) (layer B.SilkS) (width 0.127))
    (fp_circle (center 3.81 0) (end 4.699 -0.254) (layer B.SilkS) (width 0.127))
    (fp_line (start 2.4 1.12) (end 2.4 -1.1) (layer B.SilkS) (width 0.12))
    (fp_line (start -2.3 1.12) (end -2.3 -1.1) (layer B.SilkS) (width 0.12))
    (fp_line (start -2.4 1.12) (end -2.4 -1.1) (layer B.SilkS) (width 0.12))
    (fp_line (start -2.5 1.12) (end -2.5 -1.1) (layer B.SilkS) (width 0.12))
    (fp_line (start -2.6 1.12) (end -2.6 -1.1) (layer B.SilkS) (width 0.12))
    (fp_poly (pts (xy -0.7 0) (xy 0.6 0.7) (xy 0.6 -0.6)) (layer B.SilkS) (width 0.1))
    (fp_line (start -2.794 1.12) (end -2.794 -1.1) (layer B.SilkS) (width 0.12))
    (fp_line (start -2.7305 1.12) (end -2.7305 -1.1) (layer B.SilkS) (width 0.12))
    (fp_line (start -2.667 1.12) (end -2.667 -1.1) (layer B.SilkS) (width 0.12))
    (fp_line (start -2.8575 1.12) (end -2.8575 -1.1) (layer B.SilkS) (width 0.12))
    (fp_line (start -4.445 0.889) (end -3.175 0.889) (layer B.Fab) (width 0.127))
    (fp_line (start -2.921 0.635) (end -2.921 -0.635) (layer B.Fab) (width 0.127))
    (fp_line (start -3.175 -0.889) (end -4.445 -0.889) (layer B.Fab) (width 0.127))
    (fp_line (start -4.699 -0.635) (end -4.699 0.635) (layer B.Fab) (width 0.127))
    (fp_poly (pts (xy -0.7 0) (xy 0.6 0.7) (xy 0.6 -0.6)) (layer B.Fab) (width 0.1))
    (fp_circle (center 3.81 0) (end 4.734574 0) (layer B.Fab) (width 0.127))
    (pad 2 smd roundrect (at 1.65 0 180) (size 1 1.2) (layers B.Cu B.Paste B.Mask) (roundrect_rratio 0.25)
      (net 93 "Net-(D65-Pad2)"))
    (pad 1 smd roundrect (at -1.65 0 180) (size 1 1.2) (layers B.Cu B.Paste B.Mask) (roundrect_rratio 0.25)
      (net 87 Row5))
    (pad 2 thru_hole oval (at 3.81 0 180) (size 1.6 1.6) (drill 0.8) (layers *.Cu *.Mask)
      (net 93 "Net-(D65-Pad2)"))
    (pad 1 thru_hole roundrect (at -3.81 0 180) (size 1.6 1.6) (drill 0.8) (layers *.Cu *.Mask) (roundrect_rratio 0.1)
      (net 87 Row5))
    (model ${KISYS3DMOD}/Diode_THT.3dshapes/D_DO-35_SOD27_P7.62mm_Horizontal.wrl
      (offset (xyz -3.809999942779541 0 0))
      (scale (xyz 1 1 1))
      (rotate (xyz 0 0 0))
    )
  )

  (module acheron_Components:D_THT_7.62mm_SOD-123 (layer B.Cu) (tedit 5D376EF8) (tstamp 5F0B126D)
    (at -200.025 -266.7 180)
    (descr "Diode, DO-35_SOD27 series, Axial, Horizontal, pin pitch=7.62mm, , length*diameter=4*2mm^2, , http://www.diodes.com/_files/packages/DO-35.pdf")
    (tags "Diode DO-35_SOD27 series Axial Horizontal pin pitch 7.62mm  length 4mm diameter 2mm")
    (path /5FACEF49)
    (fp_text reference D64 (at 0 1.8) (layer B.SilkS)
      (effects (font (size 0.508 0.508) (thickness 0.0762)) (justify mirror))
    )
    (fp_text value 1N4148W (at 0 -2.12) (layer B.Fab)
      (effects (font (size 1 1) (thickness 0.15)) (justify mirror))
    )
    (fp_arc (start -4.445 0.635) (end -4.445 0.889) (angle 90) (layer B.Fab) (width 0.127))
    (fp_arc (start -4.445 -0.635) (end -4.699 -0.635) (angle 90) (layer B.Fab) (width 0.127))
    (fp_arc (start -3.175 -0.635) (end -3.175 -0.889) (angle 90) (layer B.Fab) (width 0.127))
    (fp_arc (start -3.175 0.635) (end -2.921 0.635) (angle 90) (layer B.Fab) (width 0.127))
    (fp_text user A (at 5.5 0) (layer B.Fab)
      (effects (font (size 1 1) (thickness 0.15)) (justify mirror))
    )
    (fp_text user K (at -5.5 0) (layer B.Fab)
      (effects (font (size 1 1) (thickness 0.15)) (justify mirror))
    )
    (fp_arc (start -4.445 -0.635) (end -4.699 -0.635) (angle 90) (layer B.SilkS) (width 0.127))
    (fp_arc (start -3.175 -0.635) (end -3.175 -0.889) (angle 90) (layer B.SilkS) (width 0.127))
    (fp_arc (start -3.175 0.635) (end -2.921 0.635) (angle 90) (layer B.SilkS) (width 0.127))
    (fp_arc (start -4.445 0.635) (end -4.445 0.889) (angle 90) (layer B.SilkS) (width 0.127))
    (fp_line (start -2 1) (end -2 -1) (layer B.Fab) (width 0.1))
    (fp_line (start -2 -1) (end 2 -1) (layer B.Fab) (width 0.1))
    (fp_line (start 2 -1) (end 2 1) (layer B.Fab) (width 0.1))
    (fp_line (start 2 1) (end -2 1) (layer B.Fab) (width 0.1))
    (fp_line (start -2.921 0) (end -2 0) (layer B.Fab) (width 0.1))
    (fp_line (start 2.8575 0) (end 2 0) (layer B.Fab) (width 0.1))
    (fp_line (start -1.4 1) (end -1.4 -1) (layer B.Fab) (width 0.1))
    (fp_line (start -1.3 1) (end -1.3 -1) (layer B.Fab) (width 0.1))
    (fp_line (start -1.5 1) (end -1.5 -1) (layer B.Fab) (width 0.1))
    (fp_line (start -2.8575 -1.1) (end 2.4 -1.1) (layer B.SilkS) (width 0.12))
    (fp_line (start 2.4 1.12) (end -2.8575 1.12) (layer B.SilkS) (width 0.12))
    (fp_line (start -2.921 0) (end -2.4 0) (layer B.SilkS) (width 0.12))
    (fp_line (start 2.8702 0) (end 2.4 0) (layer B.SilkS) (width 0.12))
    (fp_line (start -4.86 1.25) (end -4.86 -1.25) (layer B.CrtYd) (width 0.05))
    (fp_line (start -4.86 -1.25) (end 4.86 -1.25) (layer B.CrtYd) (width 0.05))
    (fp_line (start 4.86 -1.25) (end 4.86 1.25) (layer B.CrtYd) (width 0.05))
    (fp_line (start 4.86 1.25) (end -4.86 1.25) (layer B.CrtYd) (width 0.05))
    (fp_line (start -4.445 0.889) (end -3.175 0.889) (layer B.SilkS) (width 0.127))
    (fp_line (start -2.921 0.635) (end -2.921 -0.635) (layer B.SilkS) (width 0.127))
    (fp_line (start -3.175 -0.889) (end -4.445 -0.889) (layer B.SilkS) (width 0.127))
    (fp_line (start -4.699 -0.635) (end -4.699 0.635) (layer B.SilkS) (width 0.127))
    (fp_circle (center 3.81 0) (end 4.699 -0.254) (layer B.SilkS) (width 0.127))
    (fp_line (start 2.4 1.12) (end 2.4 -1.1) (layer B.SilkS) (width 0.12))
    (fp_line (start -2.3 1.12) (end -2.3 -1.1) (layer B.SilkS) (width 0.12))
    (fp_line (start -2.4 1.12) (end -2.4 -1.1) (layer B.SilkS) (width 0.12))
    (fp_line (start -2.5 1.12) (end -2.5 -1.1) (layer B.SilkS) (width 0.12))
    (fp_line (start -2.6 1.12) (end -2.6 -1.1) (layer B.SilkS) (width 0.12))
    (fp_poly (pts (xy -0.7 0) (xy 0.6 0.7) (xy 0.6 -0.6)) (layer B.SilkS) (width 0.1))
    (fp_line (start -2.794 1.12) (end -2.794 -1.1) (layer B.SilkS) (width 0.12))
    (fp_line (start -2.7305 1.12) (end -2.7305 -1.1) (layer B.SilkS) (width 0.12))
    (fp_line (start -2.667 1.12) (end -2.667 -1.1) (layer B.SilkS) (width 0.12))
    (fp_line (start -2.8575 1.12) (end -2.8575 -1.1) (layer B.SilkS) (width 0.12))
    (fp_line (start -4.445 0.889) (end -3.175 0.889) (layer B.Fab) (width 0.127))
    (fp_line (start -2.921 0.635) (end -2.921 -0.635) (layer B.Fab) (width 0.127))
    (fp_line (start -3.175 -0.889) (end -4.445 -0.889) (layer B.Fab) (width 0.127))
    (fp_line (start -4.699 -0.635) (end -4.699 0.635) (layer B.Fab) (width 0.127))
    (fp_poly (pts (xy -0.7 0) (xy 0.6 0.7) (xy 0.6 -0.6)) (layer B.Fab) (width 0.1))
    (fp_circle (center 3.81 0) (end 4.734574 0) (layer B.Fab) (width 0.127))
    (pad 2 smd roundrect (at 1.65 0 180) (size 1 1.2) (layers B.Cu B.Paste B.Mask) (roundrect_rratio 0.25)
      (net 92 "Net-(D64-Pad2)"))
    (pad 1 smd roundrect (at -1.65 0 180) (size 1 1.2) (layers B.Cu B.Paste B.Mask) (roundrect_rratio 0.25)
      (net 87 Row5))
    (pad 2 thru_hole oval (at 3.81 0 180) (size 1.6 1.6) (drill 0.8) (layers *.Cu *.Mask)
      (net 92 "Net-(D64-Pad2)"))
    (pad 1 thru_hole roundrect (at -3.81 0 180) (size 1.6 1.6) (drill 0.8) (layers *.Cu *.Mask) (roundrect_rratio 0.1)
      (net 87 Row5))
    (model ${KISYS3DMOD}/Diode_THT.3dshapes/D_DO-35_SOD27_P7.62mm_Horizontal.wrl
      (offset (xyz -3.809999942779541 0 0))
      (scale (xyz 1 1 1))
      (rotate (xyz 0 0 0))
    )
  )

  (module acheron_Components:D_THT_7.62mm_SOD-123 (layer B.Cu) (tedit 5D376EF8) (tstamp 5F0B1254)
    (at -219.075 -266.7 180)
    (descr "Diode, DO-35_SOD27 series, Axial, Horizontal, pin pitch=7.62mm, , length*diameter=4*2mm^2, , http://www.diodes.com/_files/packages/DO-35.pdf")
    (tags "Diode DO-35_SOD27 series Axial Horizontal pin pitch 7.62mm  length 4mm diameter 2mm")
    (path /5F4D39B2)
    (fp_text reference D63 (at 0 1.8) (layer B.SilkS)
      (effects (font (size 0.508 0.508) (thickness 0.0762)) (justify mirror))
    )
    (fp_text value 1N4148W (at 0 -2.12) (layer B.Fab)
      (effects (font (size 1 1) (thickness 0.15)) (justify mirror))
    )
    (fp_arc (start -4.445 0.635) (end -4.445 0.889) (angle 90) (layer B.Fab) (width 0.127))
    (fp_arc (start -4.445 -0.635) (end -4.699 -0.635) (angle 90) (layer B.Fab) (width 0.127))
    (fp_arc (start -3.175 -0.635) (end -3.175 -0.889) (angle 90) (layer B.Fab) (width 0.127))
    (fp_arc (start -3.175 0.635) (end -2.921 0.635) (angle 90) (layer B.Fab) (width 0.127))
    (fp_text user A (at 5.5 0) (layer B.Fab)
      (effects (font (size 1 1) (thickness 0.15)) (justify mirror))
    )
    (fp_text user K (at -5.5 0) (layer B.Fab)
      (effects (font (size 1 1) (thickness 0.15)) (justify mirror))
    )
    (fp_arc (start -4.445 -0.635) (end -4.699 -0.635) (angle 90) (layer B.SilkS) (width 0.127))
    (fp_arc (start -3.175 -0.635) (end -3.175 -0.889) (angle 90) (layer B.SilkS) (width 0.127))
    (fp_arc (start -3.175 0.635) (end -2.921 0.635) (angle 90) (layer B.SilkS) (width 0.127))
    (fp_arc (start -4.445 0.635) (end -4.445 0.889) (angle 90) (layer B.SilkS) (width 0.127))
    (fp_line (start -2 1) (end -2 -1) (layer B.Fab) (width 0.1))
    (fp_line (start -2 -1) (end 2 -1) (layer B.Fab) (width 0.1))
    (fp_line (start 2 -1) (end 2 1) (layer B.Fab) (width 0.1))
    (fp_line (start 2 1) (end -2 1) (layer B.Fab) (width 0.1))
    (fp_line (start -2.921 0) (end -2 0) (layer B.Fab) (width 0.1))
    (fp_line (start 2.8575 0) (end 2 0) (layer B.Fab) (width 0.1))
    (fp_line (start -1.4 1) (end -1.4 -1) (layer B.Fab) (width 0.1))
    (fp_line (start -1.3 1) (end -1.3 -1) (layer B.Fab) (width 0.1))
    (fp_line (start -1.5 1) (end -1.5 -1) (layer B.Fab) (width 0.1))
    (fp_line (start -2.8575 -1.1) (end 2.4 -1.1) (layer B.SilkS) (width 0.12))
    (fp_line (start 2.4 1.12) (end -2.8575 1.12) (layer B.SilkS) (width 0.12))
    (fp_line (start -2.921 0) (end -2.4 0) (layer B.SilkS) (width 0.12))
    (fp_line (start 2.8702 0) (end 2.4 0) (layer B.SilkS) (width 0.12))
    (fp_line (start -4.86 1.25) (end -4.86 -1.25) (layer B.CrtYd) (width 0.05))
    (fp_line (start -4.86 -1.25) (end 4.86 -1.25) (layer B.CrtYd) (width 0.05))
    (fp_line (start 4.86 -1.25) (end 4.86 1.25) (layer B.CrtYd) (width 0.05))
    (fp_line (start 4.86 1.25) (end -4.86 1.25) (layer B.CrtYd) (width 0.05))
    (fp_line (start -4.445 0.889) (end -3.175 0.889) (layer B.SilkS) (width 0.127))
    (fp_line (start -2.921 0.635) (end -2.921 -0.635) (layer B.SilkS) (width 0.127))
    (fp_line (start -3.175 -0.889) (end -4.445 -0.889) (layer B.SilkS) (width 0.127))
    (fp_line (start -4.699 -0.635) (end -4.699 0.635) (layer B.SilkS) (width 0.127))
    (fp_circle (center 3.81 0) (end 4.699 -0.254) (layer B.SilkS) (width 0.127))
    (fp_line (start 2.4 1.12) (end 2.4 -1.1) (layer B.SilkS) (width 0.12))
    (fp_line (start -2.3 1.12) (end -2.3 -1.1) (layer B.SilkS) (width 0.12))
    (fp_line (start -2.4 1.12) (end -2.4 -1.1) (layer B.SilkS) (width 0.12))
    (fp_line (start -2.5 1.12) (end -2.5 -1.1) (layer B.SilkS) (width 0.12))
    (fp_line (start -2.6 1.12) (end -2.6 -1.1) (layer B.SilkS) (width 0.12))
    (fp_poly (pts (xy -0.7 0) (xy 0.6 0.7) (xy 0.6 -0.6)) (layer B.SilkS) (width 0.1))
    (fp_line (start -2.794 1.12) (end -2.794 -1.1) (layer B.SilkS) (width 0.12))
    (fp_line (start -2.7305 1.12) (end -2.7305 -1.1) (layer B.SilkS) (width 0.12))
    (fp_line (start -2.667 1.12) (end -2.667 -1.1) (layer B.SilkS) (width 0.12))
    (fp_line (start -2.8575 1.12) (end -2.8575 -1.1) (layer B.SilkS) (width 0.12))
    (fp_line (start -4.445 0.889) (end -3.175 0.889) (layer B.Fab) (width 0.127))
    (fp_line (start -2.921 0.635) (end -2.921 -0.635) (layer B.Fab) (width 0.127))
    (fp_line (start -3.175 -0.889) (end -4.445 -0.889) (layer B.Fab) (width 0.127))
    (fp_line (start -4.699 -0.635) (end -4.699 0.635) (layer B.Fab) (width 0.127))
    (fp_poly (pts (xy -0.7 0) (xy 0.6 0.7) (xy 0.6 -0.6)) (layer B.Fab) (width 0.1))
    (fp_circle (center 3.81 0) (end 4.734574 0) (layer B.Fab) (width 0.127))
    (pad 2 smd roundrect (at 1.65 0 180) (size 1 1.2) (layers B.Cu B.Paste B.Mask) (roundrect_rratio 0.25)
      (net 91 "Net-(D63-Pad2)"))
    (pad 1 smd roundrect (at -1.65 0 180) (size 1 1.2) (layers B.Cu B.Paste B.Mask) (roundrect_rratio 0.25)
      (net 87 Row5))
    (pad 2 thru_hole oval (at 3.81 0 180) (size 1.6 1.6) (drill 0.8) (layers *.Cu *.Mask)
      (net 91 "Net-(D63-Pad2)"))
    (pad 1 thru_hole roundrect (at -3.81 0 180) (size 1.6 1.6) (drill 0.8) (layers *.Cu *.Mask) (roundrect_rratio 0.1)
      (net 87 Row5))
    (model ${KISYS3DMOD}/Diode_THT.3dshapes/D_DO-35_SOD27_P7.62mm_Horizontal.wrl
      (offset (xyz -3.809999942779541 0 0))
      (scale (xyz 1 1 1))
